a0 = 0.0
a1 = 6.0
a2 = 0.25
a3 = -0.1875
a4 = 0.03125
a5 = -9.765625E-4

phi = 1677.0673694610596
RSQ = -30.843051318880875